        0    6.7870   12.5190   13.7770   14.2440   12.4740   11.0070    8.6250    5.4860    3.5180
   6.7870         0    5.3610    8.3170   10.3840   11.6110   13.7510   14.2750   11.7600    8.8730
  12.5190    5.3610         0    5.2250    7.2290    9.5060   11.2560   13.5360   14.5770   14.0690
  13.7770    8.3170    5.2250         0    3.7400    5.8800   10.1440   11.1270   12.3300   12.5190
  14.2440   10.3840    7.2290    3.7400         0    4.2300    6.9370   10.2440   12.1040   11.2090
  12.4740   11.6110    9.5060    5.8800    4.2300         0    4.3050    6.7510    9.9050   10.7130
  11.0070   13.7510   11.2560   10.1440    6.9370    4.3050         0    4.7570    7.4430    8.6820
   8.6250   14.2750   13.5360   11.1270   10.2440    6.7510    4.7570         0    4.4540    6.1450
   5.4860   11.7600   14.5770   12.3300   12.1040    9.9050    7.4430    4.4540         0    3.6290
   3.5180    8.8730   14.0690   12.5190   11.2090   10.7130    8.6820    6.1450    3.6290         0
        0    5.9200   11.0960   18.7790   17.3470   16.5760   16.5410    8.3040    5.7420    4.1720
   5.9200         0    4.8980   10.6190   14.3060   16.6320   17.3220   14.5250    9.4980    7.2540
  11.0960    4.8980         0    4.7870    8.3390   13.1910   14.5550   16.0630   13.9850   13.7690
  18.7790   10.6190    4.7870         0    3.5970    5.3490    8.1530   14.4580   16.9820   17.2790
  17.3470   14.3060    8.3390    3.5970         0    3.4600    6.8070   10.9530   15.7770   15.8150
  16.5760   16.6320   13.1910    5.3490    3.4600         0    3.7730    7.4290   13.7500   15.0890
  16.5410   17.3220   14.5550    8.1530    6.8070    3.7730         0    5.7090   10.9110   13.8680
   8.3040   14.5250   16.0630   14.4580   10.9530    7.4290    5.7090         0    4.9700    6.0300
   5.7420    9.4980   13.9850   16.9820   15.7770   13.7500   10.9110    4.9700         0    3.5390
   4.1720    7.2540   13.7690   17.2790   15.8150   15.0890   13.8680    6.0300    3.5390         0
        0    7.0570   10.2170   11.0950   12.4610   11.7540    9.8720    8.5600    4.2970    2.8510
   7.0570         0    5.6900   11.4710   10.7010   11.8030   11.2200   12.4720    9.2350    8.1570
  10.2170    5.6900         0    6.7260    8.8870    9.4150   11.3220   12.4550   11.9400   10.4630
  11.0950   11.4710    6.7260         0    3.7160    5.9430   10.3190   11.6400   10.8650   11.4670
  12.4610   10.7010    8.8870    3.7160         0    3.6190    8.2130    9.8320   11.2650   11.1030
  11.7540   11.8030    9.4150    5.9430    3.6190         0    5.0790    8.0810   10.2230   10.6100
   9.8720   11.2200   11.3220   10.3190    8.2130    5.0790         0    4.8760    8.7160    9.6720
   8.5600   12.4720   12.4550   11.6400    9.8320    8.0810    4.8760         0    6.3490    7.5380
   4.2970    9.2350   11.9400   10.8650   11.2650   10.2230    8.7160    6.3490         0    2.9560
   2.8510    8.1570   10.4630   11.4670   11.1030   10.6100    9.6720    7.5380    2.9560         0
        0    7.5400   10.2620   10.7010   11.6430   10.5560    9.7090    8.4410    5.7750    3.6250
   7.5400         0    6.9420    8.5230   10.7030   11.0890   12.2150   10.7510    9.8850    7.9560
  10.2620    6.9420         0    4.8590    6.6130    8.6520   10.5700   11.7100   11.1020   11.9860
  10.7010    8.5230    4.8590         0    3.5100    6.2840    7.7970   10.3790   11.6330   11.3180
  11.6430   10.7030    6.6130    3.5100         0    4.1080    6.4610    8.5870   10.0280   10.7780
  10.5560   11.0890    8.6520    6.2840    4.1080         0    4.9600    7.4420    9.1050   10.7190
   9.7090   12.2150   10.5700    7.7970    6.4610    4.9600         0    5.8950    8.6770    9.6360
   8.4410   10.7510   11.7100   10.3790    8.5870    7.4420    5.8950         0    5.6250    6.6780
   5.7750    9.8850   11.1020   11.6330   10.0280    9.1050    8.6770    5.6250         0    3.4670
   3.6250    7.9560   11.9860   11.3180   10.7780   10.7190    9.6360    6.6780    3.4670         0
        0    6.6220   10.5130   10.2340    9.5780   10.7770    9.7410    8.4800    4.9430    3.4950
   6.6220         0    5.5390    9.5500    9.3280    9.8720   11.6970   11.5890   10.3150    7.9980
  10.5130    5.5390         0    7.1930    8.3070    9.3350   11.3460   11.8770   11.8190   11.5380
  10.2340    9.5500    7.1930         0    4.7370    6.2390    8.8740   10.3260   11.6230   10.1980
   9.5780    9.3280    8.3070    4.7370         0    3.3280    6.3110    9.0820   11.0670   10.3870
  10.7770    9.8720    9.3350    6.2390    3.3280         0    4.2330    8.9260    9.4130   10.5810
   9.7410   11.6970   11.3460    8.8740    6.3110    4.2330         0    6.5870    8.8780    9.1840
   8.4800   11.5890   11.8770   10.3260    9.0820    8.9260    6.5870         0    5.8350    7.3030
   4.9430   10.3150   11.8190   11.6230   11.0670    9.4130    8.8780    5.8350         0    2.9490
   3.4950    7.9980   11.5380   10.1980   10.3870   10.5810    9.1840    7.3030    2.9490         0
        0    5.1510    9.4070   11.3860   13.2600   11.9500   12.3180   10.0550    4.8810    3.4910
   5.1510         0    6.2260   11.1970   13.5300   12.9480   11.9550   11.4850    8.2340    6.3110
   9.4070    6.2260         0    5.5600    8.1840    9.6360   12.6980   13.6830   13.3730   11.7040
  11.3860   11.1970    5.5600         0    3.9850    5.8350    6.7910    9.3440   10.4590   12.2010
  13.2600   13.5300    8.1840    3.9850         0    3.8230    5.4370    7.8560    9.8930   13.1850
  11.9500   12.9480    9.6360    5.8350    3.8230         0    3.6230    5.5940    8.9530   10.4050
  12.3180   11.9550   12.6980    6.7910    5.4370    3.6230         0    4.1700    8.2050    9.7560
  10.0550   11.4850   13.6830    9.3440    7.8560    5.5940    4.1700         0    5.0990    6.7910
   4.8810    8.2340   13.3730   10.4590    9.8930    8.9530    8.2050    5.0990         0    3.8400
   3.4910    6.3110   11.7040   12.2010   13.1850   10.4050    9.7560    6.7910    3.8400         0
        0    5.7590   10.5150   13.3830   13.9830   13.1610   11.6640   10.1820    6.3520    3.4720
   5.7590         0    4.9040   12.1620   14.7980   14.6020   14.1100   13.4450    9.7080    7.9440
  10.5150    4.9040         0    4.6260    8.2710   10.6940   12.7780   14.0540   12.9020   10.8900
  13.3830   12.1620    4.6260         0    3.5460    4.7050    8.8200   11.0440   11.8020   11.7470
  13.9830   14.7980    8.2710    3.5460         0    3.5890    6.8690    9.3850   12.4390   13.6850
  13.1610   14.6020   10.6940    4.7050    3.5890         0    4.0720    6.8680   10.5670   12.2040
  11.6640   14.1100   12.7780    8.8200    6.8690    4.0720         0    4.1490   10.0340   11.0510
  10.1820   13.4450   14.0540   11.0440    9.3850    6.8680    4.1490         0    4.1130    6.8840
   6.3520    9.7080   12.9020   11.8020   12.4390   10.5670   10.0340    4.1130         0    3.3970
   3.4720    7.9440   10.8900   11.7470   13.6850   12.2040   11.0510    6.8840    3.3970         0
        0    6.2160   10.8430    9.9070   11.1450   10.3340    8.8140    7.6010    5.7590    3.0180
   6.2160         0    7.5090    8.8850   10.7120   10.8280   10.5650   10.4450    9.0020    7.5120
  10.8430    7.5090         0    6.2520    8.7210    9.6240   10.1360   10.7820   11.6630    9.3830
   9.9070    8.8850    6.2520         0    3.8830    6.8300    9.4480    9.7400   10.3830    9.6680
  11.1450   10.7120    8.7210    3.8830         0    4.9540    8.2710    8.9750   10.9480    9.6000
  10.3340   10.8280    9.6240    6.8300    4.9540         0    4.3140    7.3340    9.0350    8.8390
   8.8140   10.5650   10.1360    9.4480    8.2710    4.3140         0    4.9160    7.1580    7.6000
   7.6010   10.4450   10.7820    9.7400    8.9750    7.3340    4.9160         0    4.7280    5.6380
   5.7590    9.0020   11.6630   10.3830   10.9480    9.0350    7.1580    4.7280         0    3.4660
   3.0180    7.5120    9.3830    9.6680    9.6000    8.8390    7.6000    5.6380    3.4660         0
        0    7.4750    9.0790   10.1770   12.1470   12.5330    9.7210    9.7630    8.2980    6.6640
   7.4750         0    4.3970    7.8900   10.3940   11.2300   12.5680   11.4140   11.2650   10.4420
   9.0790    4.3970         0    5.6590    8.2510   10.2360   11.2740   12.1840   11.8950   10.6550
  10.1770    7.8900    5.6590         0    3.8750    6.4730    8.6670   10.3050   10.7350   12.5580
  12.1470   10.3940    8.2510    3.8750         0    4.6000    7.7580    9.9010   11.2100   11.6230
  12.5330   11.2300   10.2360    6.4730    4.6000         0    6.2680    9.5590   10.6430   11.5730
   9.7210   12.5680   11.2740    8.6670    7.7580    6.2680         0    4.7880    6.8030    9.0450
   9.7630   11.4140   12.1840   10.3050    9.9010    9.5590    4.7880         0    4.5500    7.4030
   8.2980   11.2650   11.8950   10.7350   11.2100   10.6430    6.8030    4.5500         0    5.2150
   6.6640   10.4420   10.6550   12.5580   11.6230   11.5730    9.0450    7.4030    5.2150         0
        0    5.9910    9.3700    9.5180    9.5430    9.7920    8.6790    6.7270    4.9490    4.1290
   5.9910         0    7.0530    9.4900    9.5290    9.8620   10.5820   10.5700    8.4900    7.8760
   9.3700    7.0530         0    7.6140    8.9180    9.8060   10.5370   10.7160    9.6870   10.1550
   9.5180    9.4900    7.6140         0    3.8370    5.2990    7.3260    7.6250    9.1770   10.1140
   9.5430    9.5290    8.9180    3.8370         0    4.7500    6.2420    8.1560    9.1210    9.7340
   9.7920    9.8620    9.8060    5.2990    4.7500         0    4.7200    6.6730    8.7690    9.8750
   8.6790   10.5820   10.5370    7.3260    6.2420    4.7200         0    4.4780    7.2260    6.7750
   6.7270   10.5700   10.7160    7.6250    8.1560    6.6730    4.4780         0    4.0000    5.2690
   4.9490    8.4900    9.6870    9.1770    9.1210    8.7690    7.2260    4.0000         0    3.3690
   4.1290    7.8760   10.1550   10.1140    9.7340    9.8750    6.7750    5.2690    3.3690         0
        0    9.2450   10.8360    9.7470   10.0730   10.2670    9.7390    8.9590    6.6140    4.6470
   9.2450         0    5.4510    8.2360    9.3970   10.1340   10.4980   10.8240   11.1720   10.4840
  10.8360    5.4510         0    4.5540    6.6650    9.8460   11.2580   11.8650   11.4700   10.2130
   9.7470    8.2360    4.5540         0    3.6630    6.5800    8.6620   10.5570    9.9800    7.6740
  10.0730    9.3970    6.6650    3.6630         0    4.0050    7.5140    9.9420   10.9310   10.5850
  10.2670   10.1340    9.8460    6.5800    4.0050         0    5.4290    9.3310    9.9340    9.7170
   9.7390   10.4980   11.2580    8.6620    7.5140    5.4290         0    5.5790    8.2060    9.6500
   8.9590   10.8240   11.8650   10.5570    9.9420    9.3310    5.5790         0    5.3000    6.2900
   6.6140   11.1720   11.4700    9.9800   10.9310    9.9340    8.2060    5.3000         0    3.4100
   4.6470   10.4840   10.2130    7.6740   10.5850    9.7170    9.6500    6.2900    3.4100         0
        0   11.5340   13.1470   12.6230   10.5500   10.6470   10.7510    7.2960    5.3860    5.0430
  11.5340         0    6.0260    7.9130    8.4330    9.3640   10.1540   11.3290   11.5300   11.5300
  13.1470    6.0260         0    6.2410    8.4180    9.8690   10.3220   12.7070   12.8540   10.7010
  12.6230    7.9130    6.2410         0    5.2140    6.4610    8.8740   11.2360   11.6970   10.1560
  10.5500    8.4330    8.4180    5.2140         0    4.0970    6.9620   10.4250   10.8010   10.6200
  10.6470    9.3640    9.8690    6.4610    4.0970         0    6.3530    9.8670    9.4220   10.0790
  10.7510   10.1540   10.3220    8.8740    6.9620    6.3530         0    4.1520    8.3670    8.1330
   7.2960   11.3290   12.7070   11.2360   10.4250    9.8670    4.1520         0    4.5460    6.3880
   5.3860   11.5300   12.8540   11.6970   10.8010    9.4220    8.3670    4.5460         0    2.9940
   5.0430   11.5300   10.7010   10.1560   10.6200   10.0790    8.1330    6.3880    2.9940         0
        0    9.3420   10.6530   10.7320   11.8670   10.9910    9.8300    8.9380    8.8880    5.1410
   9.3420         0    6.4850    8.0280    8.2350    8.9040    9.3110   10.6500   10.0670    9.6190
  10.6530    6.4850         0    4.4050    6.9570   10.7710   10.4110   11.8090   11.6380   10.2870
  10.7320    8.0280    4.4050         0    4.6010    9.6230   10.8370   11.8680   11.2720   10.9410
  11.8670    8.2350    6.9570    4.6010         0    5.8370    7.9880   10.4990   10.4120   10.7490
  10.9910    8.9040   10.7710    9.6230    5.8370         0    7.6710    9.5550   10.6400   10.6860
   9.8300    9.3110   10.4110   10.8370    7.9880    7.6710         0    7.4190    8.9900    8.7170
   8.9380   10.6500   11.8090   11.8680   10.4990    9.5550    7.4190         0    5.5310    6.9600
   8.8880   10.0670   11.6380   11.2720   10.4120   10.6400    8.9900    5.5310         0    4.4620
   5.1410    9.6190   10.2870   10.9410   10.7490   10.6860    8.7170    6.9600    4.4620         0
        0    9.0300    9.9850   10.4030    9.9520    9.3050    8.5960    8.7640    7.5230    5.8480
   9.0300         0    6.8520    8.8960    8.4050    8.2860    9.6730   11.0850   10.6260   10.3150
   9.9850    6.8520         0    5.9740    6.8120    8.2270   10.8890   11.5540    9.6010   10.4820
  10.4030    8.8960    5.9740         0    4.2060    7.2690   10.0860   10.2480   10.6040   10.3240
   9.9520    8.4050    6.8120    4.2060         0    5.1900    7.6220    9.2140   10.3150   10.3450
   9.3050    8.2860    8.2270    7.2690    5.1900         0    6.4020    9.4690    9.9720    9.5580
   8.5960    9.6730   10.8890   10.0860    7.6220    6.4020         0    7.0010    7.8620    8.6970
   8.7640   11.0850   11.5540   10.2480    9.2140    9.4690    7.0010         0    4.7940    6.7100
   7.5230   10.6260    9.6010   10.6040   10.3150    9.9720    7.8620    4.7940         0    4.3210
   5.8480   10.3150   10.4820   10.3240   10.3450    9.5580    8.6970    6.7100    4.3210         0
        0   10.3510   12.4090   12.7860   13.6950   11.8490    4.2980    4.0410    5.4900    4.0670
  10.3510         0    8.1050   10.8210   10.3870    4.5930    9.6200   12.3020   14.2130   12.9840
  12.4090    8.1050         0    3.4750    4.2510    7.8660   13.0130   13.8300   14.8130   13.8650
  12.7860   10.8210    3.4750         0    3.5480    8.9660   12.3490   12.2910   12.9410   14.4620
  13.6950   10.3870    4.2510    3.5480         0    6.9940   13.0530   13.1010   13.6180   14.0620
  11.8490    4.5930    7.8660    8.9660    6.9940         0    9.9490   11.3000   13.6250   12.2910
   4.2980    9.6200   13.0130   12.3490   13.0530    9.9490         0    3.8660    5.2690    6.3620
   4.0410   12.3020   13.8300   12.2910   13.1010   11.3000    3.8660         0    4.7350    3.1670
   5.4900   14.2130   14.8130   12.9410   13.6180   13.6250    5.2690    4.7350         0    2.3620
   4.0670   12.9840   13.8650   14.4620   14.0620   12.2910    6.3620    3.1670    2.3620         0
        0    9.8620   13.2020   12.3150   11.1060    8.6650    5.5540    7.3530    6.3890    5.8480
   9.8620         0    7.3260    7.9360    6.9120    6.7660    9.8500   13.0560   12.7360   12.0510
  13.2020    7.3260         0    4.4910    5.2920    9.7120   11.4550   13.6640   14.0950   13.3820
  12.3150    7.9360    4.4910         0    5.3190    8.5710   12.5400   13.4260   14.1020   13.0740
  11.1060    6.9120    5.2920    5.3190         0    6.8930    9.0210   12.2340   12.4950   13.3780
   8.6650    6.7660    9.7120    8.5710    6.8930         0    6.7300    9.7100   11.2530    9.8740
   5.5540    9.8500   11.4550   12.5400    9.0210    6.7300         0    5.5260    7.4080    5.4070
   7.3530   13.0560   13.6640   13.4260   12.2340    9.7100    5.5260         0    4.2420    3.9580
   6.3890   12.7360   14.0950   14.1020   12.4950   11.2530    7.4080    4.2420         0    4.3480
   5.8480   12.0510   13.3820   13.0740   13.3780    9.8740    5.4070    3.9580    4.3480         0

