   1.0000    0.6933    0.2400    0.6933    0.4667    0.3067    0.6800    0.2133    0.0267
   0.6933    1.0000    0.7467    0.6000    0.5600    0.6267    0.3067    0.5867    0.2400
   0.2400    0.7467    1.0000    0.2533    0.2800    0.7067    0.1867    0.4400    0.5067
   0.6933    0.6000    0.2533    1.0000    0.6933    0.3333    0.7467    0.5200         0
   0.4667    0.5600    0.2800    0.6933    1.0000    0.7200    0.5467    0.8000    0.5200
   0.3067    0.6267    0.7067    0.3333    0.7200    1.0000    0.1467    0.7067    0.7067
   0.6800    0.3067    0.1867    0.7467    0.5467    0.1467    1.0000    0.6000    0.4000
   0.2133    0.5867    0.4400    0.5200    0.8000    0.7067    0.6000    1.0000    0.6800
   0.0267    0.2400    0.5067         0    0.5200    0.7067    0.4000    0.6800    1.0000
   1.0000    0.4149    0.0745    0.8830    0.3298    0.0745    0.7553    0.4043    0.0213
   0.4149    1.0000    0.4468    0.2766    0.7234    0.3617    0.3191    0.6596    0.2553
   0.0745    0.4468    1.0000    0.1809    0.5213    0.7447         0    0.2021    0.5745
   0.8830    0.2766    0.1809    1.0000    0.3511    0.1489    0.6277    0.5000    0.1277
   0.3298    0.7234    0.5213    0.3511    1.0000    0.4043    0.6277    0.7340    0.4574
   0.0745    0.3617    0.7447    0.1489    0.4043    1.0000    0.1383    0.4149    0.8085
   0.7553    0.3191         0    0.6277    0.6277    0.1383    1.0000    0.2660    0.0319
   0.4043    0.6596    0.2021    0.5000    0.7340    0.4149    0.2660    1.0000    0.6277
   0.0213    0.2553    0.5745    0.1277    0.4574    0.8085    0.0319    0.6277    1.0000
   1.0000    0.6857    0.2714    0.6714    0.4571    0.2429    0.5000    0.1571    0.0857
   0.6857    1.0000    0.6000    0.4857    0.7000    0.5286    0.4857    0.6286    0.3714
   0.2714    0.6000    1.0000    0.2143    0.5429    0.7571         0    0.4429    0.4571
   0.6714    0.4857    0.2143    1.0000    0.4429    0.2714    0.5714    0.6000    0.2286
   0.4571    0.7000    0.5429    0.4429    1.0000    0.5714    0.4000    0.7143    0.5000
   0.2429    0.5286    0.7571    0.2714    0.5714    1.0000    0.1857    0.5000    0.7429
   0.5000    0.4857         0    0.5714    0.4000    0.1857    1.0000    0.5571    0.3714
   0.1571    0.6286    0.4429    0.6000    0.7143    0.5000    0.5571    1.0000    0.5857
   0.0857    0.3714    0.4571    0.2286    0.5000    0.7429    0.3714    0.5857    1.0000
   1.0000    0.4000    0.1882    0.7647    0.3765         0    0.5647    0.0824    0.0471
   0.4000    1.0000    0.4471    0.1765    0.5529    0.5294    0.2706    0.3529    0.1176
   0.1882    0.4471    1.0000    0.1647    0.2824    0.8588    0.0118    0.3176    0.4941
   0.7647    0.1765    0.1647    1.0000    0.4941    0.2471    0.8118    0.1765    0.1882
   0.3765    0.5529    0.2824    0.4941    1.0000    0.3765    0.4706    0.8588    0.2941
        0    0.5294    0.8588    0.2471    0.3765    1.0000    0.1529    0.3412    0.8706
   0.5647    0.2706    0.0118    0.8118    0.4706    0.1529    1.0000    0.4588    0.0471
   0.0824    0.3529    0.3176    0.1765    0.8588    0.3412    0.4588    1.0000    0.4941
   0.0471    0.1176    0.4941    0.1882    0.2941    0.8706    0.0471    0.4941    1.0000
   1.0000    0.3889    0.3750    0.7917    0.2917    0.0417    0.5417    0.1806    0.1250
   0.3889    1.0000    0.7083    0.5417    0.8056    0.3750    0.1667    0.5278    0.2917
   0.3750    0.7083    1.0000    0.2222    0.4583    0.8056    0.1389    0.4861    0.5417
   0.7917    0.5417    0.2222    1.0000    0.2917    0.2500    0.8056    0.2639         0
   0.2917    0.8056    0.4583    0.2917    1.0000    0.4583    0.4028    0.7639    0.3472
   0.0417    0.3750    0.8056    0.2500    0.4583    1.0000    0.3472    0.3889    0.9167
   0.5417    0.1667    0.1389    0.8056    0.4028    0.3472    1.0000    0.4722    0.2639
   0.1806    0.5278    0.4861    0.2639    0.7639    0.3889    0.4722    1.0000    0.7639
   0.1250    0.2917    0.5417         0    0.3472    0.9167    0.2639    0.7639    1.0000
   1.0000    0.6341    0.3537    0.5000    0.3902    0.3049    0.5732    0.4268    0.0122
   0.6341    1.0000    0.7073    0.4024    0.9024    0.6098    0.1707    0.7683    0.5000
   0.3537    0.7073    1.0000    0.2439    0.5244    0.8171         0    0.4268    0.6341
   0.5000    0.4024    0.2439    1.0000    0.6707    0.4268    0.6463    0.4146    0.2195
   0.3902    0.9024    0.5244    0.6707    1.0000    0.7927    0.4512    0.7195    0.6951
   0.3049    0.6098    0.8171    0.4268    0.7927    1.0000    0.3049    0.6341    0.9024
   0.5732    0.1707         0    0.6463    0.4512    0.3049    1.0000    0.3415    0.4268
   0.4268    0.7683    0.4268    0.4146    0.7195    0.6341    0.3415    1.0000    0.6341
   0.0122    0.5000    0.6341    0.2195    0.6951    0.9024    0.4268    0.6341    1.0000
   1.0000    0.6508    0.3651    0.8095    0.6349    0.4286    0.6190    0.6190    0.1587
   0.6508    1.0000    0.8095    0.6349    0.8730    0.7302    0.3651    0.8095    0.6667
   0.3651    0.8095    1.0000         0    0.7460    0.8889    0.0476    0.5397    0.7619
   0.8095    0.6349         0    1.0000    0.6190    0.3333    0.8413    0.7302    0.5079
   0.6349    0.8730    0.7460    0.6190    1.0000    0.6667    0.6825    0.8095    0.7460
   0.4286    0.7302    0.8889    0.3333    0.6667    1.0000    0.1111    0.7619    0.8571
   0.6190    0.3651    0.0476    0.8413    0.6825    0.1111    1.0000    0.6825    0.4127
   0.6190    0.8095    0.5397    0.7302    0.8095    0.7619    0.6825    1.0000    0.7460
   0.1587    0.6667    0.7619    0.5079    0.7460    0.8571    0.4127    0.7460    1.0000
   1.0000    0.4762    0.3214    0.8571    0.4167    0.2262    0.7143    0.4762         0
   0.4762    1.0000    0.7500    0.3690    0.7857    0.5119    0.4643    0.6548    0.3333
   0.3214    0.7500    1.0000    0.1667    0.5595    0.8095    0.0119    0.4524    0.7143
   0.8571    0.3690    0.1667    1.0000    0.6429    0.2143    0.6786    0.4167    0.3214
   0.4167    0.7857    0.5595    0.6429    1.0000    0.5000    0.4524    0.8571    0.5476
   0.2262    0.5119    0.8095    0.2143    0.5000    1.0000    0.1429    0.6667    0.7857
   0.7143    0.4643    0.0119    0.6786    0.4524    0.1429    1.0000    0.6548    0.2738
   0.4762    0.6548    0.4524    0.4167    0.8571    0.6667    0.6548    1.0000    0.6429
        0    0.3333    0.7143    0.3214    0.5476    0.7857    0.2738    0.6429    1.0000
   1.0000    0.3297    0.3516    0.3736    0.3077    0.2198    0.4396    0.3077    0.2527
   0.3297    1.0000    0.5055    0.3187    0.6484    0.4725         0    0.4505    0.3736
   0.3516    0.5055    1.0000    0.0220    0.3077    0.4615    0.0440    0.2198    0.4176
   0.3736    0.3187    0.0220    1.0000    0.4396    0.2637    0.4725    0.3516    0.2637
   0.3077    0.6484    0.3077    0.4396    1.0000    0.5495    0.3846    0.8352    0.4066
   0.2198    0.4725    0.4615    0.2637    0.5495    1.0000    0.4505    0.2747    0.8132
   0.4396         0    0.0440    0.4725    0.3846    0.4505    1.0000    0.4945    0.4835
   0.3077    0.4505    0.2198    0.3516    0.8352    0.2747    0.4945    1.0000    0.5275
   0.2527    0.3736    0.4176    0.2637    0.4066    0.8132    0.4835    0.5275    1.0000
   1.0000    0.4697    0.1364    0.7576    0.6364    0.1061    0.4697    0.3030         0
   0.4697    1.0000    0.6515    0.2727    0.7121    0.5000    0.2576    0.4697    0.2727
   0.1364    0.6515    1.0000         0    0.4242    0.6667    0.1212    0.4091    0.5606
   0.7576    0.2727         0    1.0000    0.5455    0.3030    0.6515    0.5606    0.4242
   0.6364    0.7121    0.4242    0.5455    1.0000    0.6364    0.4091    0.7273    0.4242
   0.1061    0.5000    0.6667    0.3030    0.6364    1.0000    0.2576    0.5909    0.6818
   0.4697    0.2576    0.1212    0.6515    0.4091    0.2576    1.0000    0.5000    0.3939
   0.3030    0.4697    0.4091    0.5606    0.7273    0.5909    0.5000    1.0000    0.6061
        0    0.2727    0.5606    0.4242    0.4242    0.6818    0.3939    0.6061    1.0000
   1.0000    0.3881    0.1343    0.7463    0.4776    0.5373    0.5970    0.3582         0
   0.3881    1.0000    0.6269    0.4925    0.7761    0.4627    0.2537    0.6866    0.4925
   0.1343    0.6269    1.0000    0.1940    0.2687    0.7761    0.0448    0.3433    0.7015
   0.7463    0.4925    0.1940    1.0000    0.3881    0.2090    0.6567    0.5224    0.3134
   0.4776    0.7761    0.2687    0.3881    1.0000    0.4179    0.5672    0.6866    0.5373
   0.5373    0.4627    0.7761    0.2090    0.4179    1.0000    0.1940    0.4478    0.8060
   0.5970    0.2537    0.0448    0.6567    0.5672    0.1940    1.0000    0.6567    0.3134
   0.3582    0.6866    0.3433    0.5224    0.6866    0.4478    0.6567    1.0000    0.6269
        0    0.4925    0.7015    0.3134    0.5373    0.8060    0.3134    0.6269    1.0000
   1.0000    0.5946    0.2973    0.8649    0.1892    0.3514    0.4865    0.4189    0.3378
   0.5946    1.0000    0.6351    0.5541    0.8378    0.5811    0.1351    0.6351    0.2027
   0.2973    0.6351    1.0000    0.2297    0.3784    0.8514         0    0.1216    0.4459
   0.8649    0.5541    0.2297    1.0000    0.4595    0.4595    0.7297    0.3514    0.4595
   0.1892    0.8378    0.3784    0.4595    1.0000    0.6757    0.2297    0.7568    0.5270
   0.3514    0.5811    0.8514    0.4595    0.6757    1.0000    0.3784    0.4865    0.7838
   0.4865    0.1351         0    0.7297    0.2297    0.3784    1.0000    0.4459    0.3784
   0.4189    0.6351    0.1216    0.3514    0.7568    0.4865    0.4459    1.0000    0.6216
   0.3378    0.2027    0.4459    0.4595    0.5270    0.7838    0.3784    0.6216    1.0000

