list(gsets=9, k=structure(.Data=c(994,794,836,699,576,384,806,640,623,410,360,256,691,576,562,304,240,154,634,512,517,243,228,154,634,486,441,258,240,141,835,486,471,243,240,128,965,512,441,228,228,154,1008,512,395,213,216,154,1181,538,350,304,240,154,1382,640,441,350,240,128,0,742,456,395,240,179,0,794,486,319,240,141,0,1024,456,365,228,128,0,1126,593,410,240,141,0,1254,608,456,216,154,0,0,684,608,204,179,0,0,897,958,240,154,0,0,1110,1170,228,141,0,0,1353,1277,240,179,0,0,1459,1474,240,128,0,0,0,0,264,154,0,0,0,0,252,128,0,0,0,0,288,154,0,0,0,0,324,192,0,0,0,0,444,179,0,0,0,0,480,166,0,0,0,0,660,154,0,0,0,0,912,218,0,0,0,0,1080,218,0,0,0,0,1188,218,0,0,0,0,0,256,0,0,0,0,0,256,0,0,0,0,0,230,0,0,0,0,0,307,0,0,0,0,0,384,0,0,0,0,0,512,0,0,0,0,0,691,0,0,0,0,0,922,0,0,0,0,0,1114,0,0,0,0,0,1254), .Dim=c(40,6)), tr=c(1440, 1280, 1520, 1520, 1200, 1280, 1200, 1200, 1200), listlength=c(10, 15, 20, 20, 30, 40, 10, 25, 50), T=structure(.Data=c(33,48,63,29,44,59,14,36.5,74,31,46,61,28,43,58,13,35.5,73,29,44,59,27,42,57,12,34.5,72,27,42,57,26,41,56,11,33.5,71,25,40,55,25,40,55,10,32.5,70,23,38,53,24,39,54,9,31.5,69,21,36,51,23,38,53,8,30.5,68,19,34,49,22,37,52,7,29.5,67,17,32,47,21,36,51,6,28.5,66,15,30,45,20,35,50,5,27.5,65,0,28,43,19,34,49,0,26.5,64,0,26,41,18,33,48,0,25.5,63,0,24,39,17,32,47,0,24.5,62,0,22,37,16,31,46,0,23.5,61,0,20,35,15,30,45,0,22.5,60,0,0,33,14,29,44,0,21.5,59,0,0,31,13,28,43,0,20.5,58,0,0,29,12,27,42,0,19.5,57,0,0,27,11,26,41,0,18.5,56,0,0,25,10,25,40,0,17.5,55,0,0,0,0,24,39,0,16.5,54,0,0,0,0,23,38,0,15.5,53,0,0,0,0,22,37,0,14.5,52,0,0,0,0,21,36,0,13.5,51,0,0,0,0,20,35,0,12.5,50,0,0,0,0,19,34,0,0,49,0,0,0,0,18,33,0,0,48,0,0,0,0,17,32,0,0,47,0,0,0,0,16,31,0,0,46,0,0,0,0,15,30,0,0,45,0,0,0,0,0,29,0,0,44,0,0,0,0,0,28,0,0,43,0,0,0,0,0,27,0,0,42,0,0,0,0,0,26,0,0,41,0,0,0,0,0,25,0,0,40,0,0,0,0,0,24,0,0,39,0,0,0,0,0,23,0,0,38,0,0,0,0,0,22,0,0,37,0,0,0,0,0,21,0,0,36,0,0,0,0,0,20,0,0,35,0,0,0,0,0,0,0,0,34,0,0,0,0,0,0,0,0,33,0,0,0,0,0,0,0,0,32,0,0,0,0,0,0,0,0,31,0,0,0,0,0,0,0,0,30,0,0,0,0,0,0,0,0,29,0,0,0,0,0,0,0,0,28,0,0,0,0,0,0,0,0,27,0,0,0,0,0,0,0,0,26,0,0,0,0,0,0,0,0,25), .Dim=c(50,9)), dsets=6, W=c(10, 15, 20, 20, 30, 40, 10, 25, 50))
