list(c=20.5, s=9.5, alpha=c(-0.003, 0.63))
