list(rt=structure(.Data=c(0.563,0.698,0.548,0.44,0.621,0.499,0.499,0.499,0.411,0.891,0.455,0.518,0.704,0.519,0.499,0.45,0.617,0.508,0.719,0.499,0.568,0.599,0.45,0.42,0.587,0.528,0.415,0.568,0.528,0.626,0.582,0.557,0.64,0.499,0.499,0.46,0.646,0.518,0.523,0.538,0.568,0.64,0.714,0.518,0.489,0.47,0.421,0.547,0.533,0.626,0.479,0.558,0.406,0.431,0.577,0.503,0.46,0.528,0.616,0.539,0.548,0.512,0.498,0.508,0.479,0.577,0.831,0.557,0.528,0.538,0.499,0.621,0.528,0.513,0.48,0.46,0.871,0.548,0.484,NA,0.483,0.527,0.546,0.458,0.508,0.476,0.458,0.502,0.411,0.48,0.439,0.393,0.567,0.502,0.52,0.76,0.541,0.542,0.552,0.582,0.447,0.455,0.554,0.451,0.716,0.52,0.566,0.52,0.545,1.084,0.803,0.847,0.501,0.52,0.43,0.473,0.455,0.458,0.57,0.629,0.45,0.636,0.454,0.458,0.546,0.502,0.414,0.458,0.548,0.495,0.476,0.542,0.542,0.538,0.488,1.506,0.542,0.589,0.477,0.498,0.505,0.414,0.527,0.499,0.458,0.56,0.524,0.516,0.454,0.411,0.548,0.542,0.531,0.498,0.458,0.498,0.542,0.482,NA,NA,0.479,0.538,0.45,0.499,0.636,0.46,0.509,0.724,0.67,0.459,0.499,0.508,0.531,0.479,0.592,0.521,0.46,0.558,0.46,0.45,0.49,0.47,0.459,0.587,0.499,0.46,0.629,0.528,0.616,0.529,0.479,0.592,0.568,0.508,0.46,0.586,0.607,0.675,0.508,0.567,0.469,0.577,0.558,0.46,0.479,0.48,0.469,0.447,0.529,0.411,0.538,0.636,0.508,0.486,0.528,0.46,0.528,0.541,0.44,0.538,0.465,0.376,0.587,0.509,0.411,0.513,0.529,0.47,0.494,NA,NA,NA,NA,NA,NA,NA,NA,NA,NA,NA,0.691,0.85,0.603,0.647,1.306,0.564,0.673,0.604,0.589,0.585,0.719,0.498,0.804,0.608,0.613,0.673,0.741,1.072,0.623,0.655,0.52,1.106,1.28,0.633,0.589,0.651,0.557,0.695,0.655,0.654,0.538,0.633,0.534,0.578,0.592,0.761,0.608,0.625,0.56,0.564,0.622,0.782,0.768,0.542,1.593,0.673,0.735,0.608,0.691,0.604,0.804,0.826,0.588,0.564,0.539,0.691,0.589,0.611,0.607,0.873,0.524,1.135,0.699,0.957,0.589,0.724,0.585,0.523,0.717,0.701,0.57,0.611,0.567,0.589,0.592,0.611,0.673,0.789,0.617,0.548,0.501,0.489,0.494,0.509,0.459,0.508,0.568,0.509,0.8,0.386,0.396,0.558,0.396,0.489,0.567,0.455,0.444,0.57,0.45,0.445,0.513,0.519,0.431,0.46,0.44,0.541,0.426,0.578,0.464,0.489,0.396,0.499,0.396,0.479,0.462,0.489,0.445,0.377,0.568,0.459,0.44,0.347,0.435,0.577,0.597,0.45,0.508,0.431,0.489,0.518,0.626,0.646,0.401,0.538,0.607,0.42,0.401,0.528,0.391,0.381,0.582,0.508,0.431,0.529,0.523,0.557,0.45,0.499,0.459,0.452,0.479,0.494,0.489,0.508,NA,NA,NA,NA,NA,NA,0.594,0.513,0.544,0.556,0.8,0.622,0.684,0.491,0.626,0.544,0.418,0.557,0.435,0.495,0.582,0.741,0.588,0.582,0.76,0.483,0.56,0.651,0.578,0.531,0.512,0.454,0.655,0.692,0.644,0.566,0.578,0.63,0.666,0.574,0.414,0.457,0.479,0.76,0.56,0.872,0.603,0.552,0.648,0.76,0.578,0.618,0.567,0.538,0.6,0.604,0.626,0.56,0.517,0.603,0.531,0.535,0.574,0.604,0.582,0.57,0.585,0.593,0.666,0.538,0.622,0.607,0.603,0.512,0.582,0.482,0.52,NA,NA,NA,NA,NA,NA,NA,NA,NA,0.564,0.651,0.644,0.538,0.608,0.606,0.625,0.601,0.495,0.6,0.629,0.564,0.566,0.513,0.588,0.413,0.629,0.499,0.59,0.523,0.651,0.498,0.588,0.61,0.516,0.67,0.517,0.607,0.542,0.566,0.461,0.582,0.545,0.498,0.582,0.585,0.495,0.544,0.622,0.604,1.263,0.586,0.539,0.691,0.648,0.854,0.735,0.615,0.588,0.546,0.615,0.685,0.523,0.483,0.519,0.436,0.56,0.607,0.502,0.519,0.495,0.546,0.593,0.719,0.495,0.586,0.495,0.56,0.517,0.6,0.494,0.473,0.579,0.735,0.516,0.6,0.521,0.586,0.517,NA,0.662,0.821,0.871,0.629,0.724,0.588,1.053,0.683,0.969,0.703,0.557,0.667,0.64,0.618,0.629,0.955,0.99,0.809,0.641,0.737,1.081,0.652,0.724,0.681,0.639,0.61,0.713,0.652,0.65,0.556,0.525,0.727,0.608,0.663,0.705,0.631,0.608,0.704,0.556,0.786,0.846,0.602,0.708,0.686,0.653,1.677,0.885,0.769,0.789,0.713,0.588,0.694,0.739,0.684,0.937,0.567,0.675,1.422,0.695,1.147,0.894,0.947,1.313,0.75,0.739,0.611,0.924,0.643,0.778,0.63,0.557,0.514,0.538,1.15,0.539,0.568,0.665,0.549,0.645,NA,0.505,0.451,0.586,0.516,0.539,0.52,0.568,0.651,0.52,0.473,0.452,0.586,0.523,0.661,0.513,0.542,0.538,0.517,0.557,0.504,0.607,0.501,0.56,0.513,0.517,0.487,0.512,0.564,0.538,1.54,0.479,0.582,0.517,0.517,0.473,0.522,0.535,0.52,0.586,0.521,0.509,0.517,0.497,0.538,0.582,0.564,0.567,0.586,0.56,0.604,0.558,0.513,0.516,0.604,0.698,0.59,0.432,0.804,0.483,0.524,0.669,0.623,0.56,0.712,0.739,0.611,0.713,0.541,0.819,0.56,0.583,0.688,0.632,0.618,0.492,0.583,0.582,0.495,0.499,NA,0.535,0.556,0.599,0.599,0.62,0.533,0.916,0.645,0.58,0.652,0.567,0.633,0.545,0.66,0.729,0.587,0.544,0.661,0.631,0.588,0.624,0.725,0.932,0.736,0.577,0.79,1.31,0.592,0.567,1.451,0.526,0.631,0.825,0.652,0.79,0.729,0.781,0.623,0.557,0.525,0.526,0.482,0.567,0.56,0.865,0.496,0.494,0.727,0.747,0.645,0.546,0.552,0.453,0.524,0.506,0.486,0.63,0.631,0.609,0.705,0.677,0.928,0.601,0.578,0.62,0.836,0.578,0.568,0.667,0.646,0.518,0.577,NA,NA,NA,NA,NA,NA,NA,NA,0.743,0.48,0.518,0.695,0.524,0.455,0.528,0.499,0.45,0.435,0.484,0.441,0.538,0.616,0.607,0.612,0.597,0.47,0.479,0.47,0.513,0.499,0.499,0.499,0.508,0.528,0.616,0.469,0.548,0.606,0.655,0.68,0.568,0.479,0.636,0.528,0.577,0.587,0.734,0.538,0.597,0.528,0.48,0.484,0.891,0.538,0.518,0.489,0.675,0.489,0.606,0.538,0.538,0.533,0.645,0.557,0.504,0.519,0.499,0.655,0.475,0.588,0.445,0.538,0.444,0.577,0.655,0.519,0.509,0.656,0.499,0.92,0.573,1.95,NA,NA,NA,NA,NA,NA,0.489,0.577,0.479,0.714,0.523,0.504,0.832,0.469,0.494,0.562,0.575,1.193,0.675,1.047,0.675,0.67,0.636,0.91,0.586,0.645,0.529,0.656,0.552,0.656,1.213,0.558,0.568,0.656,0.469,0.548,0.538,0.557,0.646,0.68,0.518,0.518,0.655,0.587,0.802,0.792,0.626,0.773,0.655,0.734,0.616,0.65,0.979,0.812,0.617,0.529,0.685,0.617,0.705,1.067,0.582,0.557,0.578,0.543,0.616,0.979,0.863,0.597,0.455,0.577,0.568,0.499,0.626,0.548,0.626,0.763,0.665,NA,NA,NA,NA,NA,NA,NA,NA,NA,0.528,0.507,0.507,0.561,0.517,0.549,0.612,0.591,0.571,0.653,0.804,0.527,0.634,0.696,0.603,0.813,0.548,1.816,0.672,0.684,0.761,0.907,0.634,0.656,0.594,0.499,0.54,0.536,0.486,0.493,0.465,0.475,0.548,0.665,0.495,0.506,0.641,0.772,0.518,0.591,0.528,0.538,0.411,0.454,0.571,0.633,0.476,0.548,0.475,0.463,0.476,0.403,0.561,0.713,0.56,0.941,0.483,0.411,0.548,0.506,0.516,0.497,0.498,0.582,0.496,0.467,0.657,0.737,0.56,0.442,2.155,0.592,0.601,0.802,0.793,0.783,0.485,NA,NA,NA,0.724,0.528,0.45,0.558,0.499,0.626,0.617,0.587,0.44,0.656,0.547,0.469,0.597,0.494,0.621,0.607,0.616,0.489,0.499,0.489,0.677,0.548,0.474,0.499,1.37,0.519,0.49,0.558,0.538,0.548,0.716,0.518,0.508,0.518,0.675,0.504,0.557,0.44,0.46,0.509,0.489,0.45,0.491,0.597,0.545,0.508,0.474,0.489,0.421,0.519,0.509,0.582,0.528,0.489,0.611,0.528,0.533,0.47,0.474,0.499,0.529,0.528,0.509,0.478,0.499,0.538,0.538,0.55,0.617,0.509,0.449,0.45,0.425,0.665,0.558,0.528,0.548,0.459,0.77,NA,0.627,0.526,0.75,0.744,0.594,0.752,0.634,0.624,0.406,0.471,0.533,0.506,0.575,0.599,0.605,0.589,0.591,0.63,0.695,0.748,0.53,0.516,0.549,0.416,0.696,0.504,0.53,0.406,0.566,0.787,0.624,0.77,0.695,0.536,0.572,0.556,0.705,0.67,0.658,0.582,0.612,0.552,0.661,0.563,0.552,0.542,0.543,0.517,0.475,0.604,0.55,0.54,0.552,0.631,0.526,0.526,0.589,0.563,0.594,0.651,0.715,0.585,0.494,0.549,0.503,0.534,0.575,NA,NA,NA,NA,NA,NA,NA,NA,NA,NA,NA,NA,NA,0.76,0.561,0.77,0.637,0.655,0.656,0.541,0.644,0.53,0.563,0.781,0.53,0.56,0.805,0.55,0.916,0.54,0.631,0.593,0.559,0.668,0.489,0.571,0.509,0.595,0.692,0.605,0.594,0.519,0.615,0.594,0.697,0.721,0.572,0.519,0.56,0.553,0.898,0.561,0.687,0.591,0.55,0.789,0.476,0.528,0.518,0.604,0.655,0.596,0.564,0.532,0.656,0.499,0.561,0.573,0.613,0.554,0.565,0.479,0.571,0.564,0.836,0.677,0.611,0.781,0.727,0.877,0.542,0.654,0.895,0.57,0.562,0.593,0.563,0.613,0.594,NA,NA,NA,NA,0.498,0.506,0.509,0.636,0.558,0.548,0.489,0.377,0.489,0.56,0.538,0.788,0.568,0.558,0.499,0.514,0.567,0.514,0.538,0.475,0.45,0.558,0.435,0.425,0.381,0.507,0.744,0.538,0.519,0.499,0.597,0.464,0.489,0.617,0.538,0.645,0.837,0.548,0.519,0.754,0.494,0.558,0.577,0.599,0.519,0.529,0.558,0.607,0.513,0.499,0.655,0.489,0.509,0.636,0.582,0.489,0.61,0.529,0.578,0.474,0.719,0.573,0.597,0.47,2.242,0.415,0.526,0.465,0.519,NA,NA,NA,NA,NA,NA,NA,NA,NA,NA,NA,0.501,0.589,0.59,0.455,0.549,0.527,0.576,0.553,0.506,0.443,0.63,0.636,0.499,0.524,0.539,0.595,0.59,0.596,0.524,0.549,0.546,0.615,0.505,0.596,0.607,0.659,0.619,0.608,0.524,0.55,0.443,0.677,0.681,0.637,1.052,0.528,0.641,