list(vg=3.42566, ag=4.26528, Terg=0.574721)
