list(vg=5.8715, ag=4.45613, Terg=0.540084)
