list(vg=5.89467, ag=3.47284, Terg=0.591178)
