list(HR=c(4, 4, 4, 4, 4, 4, 4, 4, 4, 4, 4, 2, 4, 4, 3, 3, 3, 2, 4, 4, 4, 2, 4, 3, 4, 3, 4, 3, 1, 4, 4, 3, 3, 4, 3, 4, 4, 4, 4, 4), MI=c(0, 0, 0, 0, 0, 0, 0, 0, 0, 0, 0, 2, 0, 0, 1, 1, 1, 2, 0, 0, 0, 2, 0, 1, 0, 1, 0, 1, 3, 0, 0, 1, 1, 0, 1, 0, 0, 0, 0, 0), FA=c(1, 0, 0, 0, 0, 0, 0, 0, 0, 0, 2, 2, 0, 0, 2, 0, 1, 1, 4, 2, 1, 0, 0, 0, 0, 0, 0, 4, 3, 4, 4, 1, 1, 0, 0, 0, 0, 0, 0, 2), CR=c(3, 4, 4, 4, 4, 4, 4, 4, 4, 4, 2, 2, 4, 4, 2, 4, 3, 3, 0, 2, 3, 4, 4, 4, 4, 4, 4, 0, 1, 0, 0, 3, 3, 4, 4, 4, 4, 4, 4, 2), n=40)
